3022
28845
29840
30906
32587
44125
99101
101989
116218
130329
131523
132866
133488
135181
157827
171039
172367
175055
176588
179547
184151
197679
213423
215775
217061
230008
240252
240331
245573
247773
247924
269454
280579
284722
292269
294311
312998
339257
339793
342609
346439
350842
361975
363821
383795
395406
400143
401551
401867
404465
418888
434080
446810
478927
487663
495660
496527
514669
516266
534745
536179
538174
545071
549177
559445
565828
568974
569526
570611
573390
592713
598018
601842
612825
613578
619058
622086
622681
641351
643269
645569
647499
647781
651147
651852
652137
659053
666652
672009
679613
695092
695623
700688
705152
708881
721002
723917
729166
731606
735346
737895
742374
750956
761191
761369
762630
762631
766420
768922
771943
773721
777707
788889
788976
788980
789520
790318
790605
790799
791218
791952
791954
791960
792369
792794
793738
795167
796786
797296
797720
797962
798616
799607
802476
803382
806623
806955
808659
809645
811078
819095
819154
820074
822272
837560
844309
853734
855438
857055
857702
867854
870489
872542
876896
879089
881292
884173
886116
887836
896917
913408
915107
915351
918315
920029
933078
933080
939624
947381
959159
968397
970536
973789
977234
979972
995065
995651
1001799
1016426
1019694
1024371
1026758
1043041
1047593
1050784
1051071
1071387
1074037
1082950
1084788
1087503
1094178
1095254
1098147
1098231
1099638
1124762
1125643
1128053
1139108
1144022
1153178
1153754
1155703
1155704
1156300
1156362
1158202
1158318
1158399
1159096
1159699
1159750
1160469
1160585
1160711
1160754
1161827
1162346
1163095
1167442
1172059
1172062
1173248
1192563
1201670
1209973
1211688
1215172
1216936
1217860
1218348
1219844
1221371
1222167
1222169
1222205
1222288
1222385
1223010
1223014
1223068
1223322
1223323
1223498
1224076
1224294
1224295
1229423
1229425
1232349
1233506
1235394
1237439
1237497
1237741
1238308
1238406
1238948
1239052
1239105
1239537
1241163
1241617
1242791
1243670
1246792
1247412
1251521
1259451
1269035
1274716
1275231
1279525
1283374
1284506
1286005
1286006
1288090
1288536
1288561
1292227
1295976
1297618
1298340
1301170
1304023
1304829
1310687
1311133
1311163
1311339
1312316
1312614
1313510
1314555
1317058
1326400
1327377
1333480
1334651
1338374
1339974
1341184
1344894
1351771
1359794
1365211
1365687
1380955
1381892
1463865
1464331
1464725
1466444
1477657
1480737
1496465
1500178
1501218
1502897
1504776
1506178
1507737
1510501
1514830
1518708
1519191
1520090
1521914
1525359
1525703
1525882
1528937
1529876
1530082
1530083
1531103
1532606
1533306
1546065
1552256
1572928
1573559
1574550
1575722
1577271
1577294
1580708
1616117
1622831
1624283
1629656
1634379
1652905
1692766
1697446
1699798
1712483
1718390
1724389
1724544
1748611
1749283
1770774
1771884
1771938
1772149
1772482
1777383
1800059
1800637
1808909
1820971
1834838
1835197
3227478
3227479
3229809
3231366
3232118
3243492
3247917
3248820
3257449
3259349
3287017
3291846
3509748
3512565
3606001
3606014
3608627
3642267
3644288
3647771
3674293
3697911
3722404
3759979
3761221
3807223
3828585
3828786
3828789
3833322
3865764
3931992
3995663
4017214
4078564
4254239
4363166
4423525
4469452
4502137
4555072
4607352
4634633
4719200
4765213
4936548
5003872
5004812
5053642
5154389
5287146
5311792
5322094
5322476
5322498
5324846
5336470
5354155
5370415
5371482
5371650
5372049
5372072
5373925
5374343
5390593
5390618
5402403
5409076
5421906
5425013
5426777
5426785
5467816
5467830
5470033
5493284
5503865
5504337
5507686
5509017
5724324
5770155
5788241
5800745
5804986
5819207
5821763
5838782
5852192
5868654
5913381
5959514
5988401
6013463
6034765
6053500
6055510
6056706
6064789
6066701
6091884
6094334
6105065
6108543
6126380
6140925
6145434
6189999
6193165
6322266
6336136
6336971
6337677
6338657
6338772
6341156
6345532
6345740
6346088
6442707
6453964
6454934
6454941
6454948
6454951
6456147
6456161
6456197
6458069
6474933
6475186
6477405
6477946
6490598
6491743
6496229
6511194
6511211
6512099
6512103
6516387
6517389
6534626
6537964
6538310
6543053
6613706
6613740
6622862
6912767
6933563
6935303
6944472
6944499
6944996
6967110
7008853
7009739
7009749
7009752
7010857
7013528
7013548
7045852
7045870
7108645
7108800
7108876
7109210
7109796
7110116
7110123
7111731
7111755
7112654
7112719
7113239
7115914
7116703
7116705
7116818
7116851
7117395
7117469
7117478
7117513
7118178
7118494
7118740
7121234
7126747
7143253
7145845
7173440
7175378
7258937
7274473
7322719
7322773
7323146
9255104
9262282
9263120
9263381
9312672
9326768
9327524
9379193
9379202
9402197
9402215
9415510
9426570
9427118
9427135
9428295
9428346
9429860
9430422
9430445
9433563
9433609
9433637
9433682
9564892
9568373
9646347
9661035
9661875
9700726
9705898
9707856
9711490
9780956
9787558
9795984
9864058
9865343
9932251
9933410
9942632
9942658
10016086
10030111
10031758
10033485
10033496
10048456
10048791
10050577
10052224
10063699
10068247
10175292
10182779
10229222
10244163
10244189
10245358
10251887
10267237
10280068
10582774
10732603
10732871
10733992
10734607
10746588
10746908
10747269
10756118
10758089
10782432
10802767
10900364
10904761
10918414
10923504
10930307
10932896
10932929
10932969
10932994
10933037
10933053
10933068
10934238
10935852
10935976
10939912
10940589
10945700
10945739
10955679
10967966
10968199
10975277
10982697
10988408
10989967
10990119
10997469
11003755
11003853
11006662
11017580
11044952
11045189
11051339
11058305
11067650
11067801
11068109
11073295
11082081
11082352
11090963
11097147
11097153
11097160
11098204
11099480
11099744
11100738
11101301
11108394
11113082
11113899
11120392
11195428
11208944
11243285
11258494
11259125
11261267
11276061
11309523
11327627
11396625
11443984
11483076
11685544
11685563
11697741
11704868
11707074
11713566
11735078
11739793
11742474
11745111
11751021
11754073
11754822
11756377
11760462
11770357
11775477
11785396
11789981
11795755
11807656
11809607
11810955
11820495
11822496
11828523
11847674
11849876
11850038
11856324
11865148
11868422
11875485
11893588
11894854
11905938
11906472
11908829
11911713
11917513
11926906
11928866
11935452
11948027
11949826
11954094
11955337
11958350
11958579
12189982
12191491
12207753
12218849
12230704
12232601
12233643
12241184
12243277
12252480
12252482
12255764
12257473
12262506
12265053
12265457
12266940
12269459
12270353
12275871
12277790
12280201
12280711
12283258
12286904
12287050
12296948
12298696
12314469
12314957
12320671
12335153
12335406
12336577
12342052
12342336
12343441
12478664
12481967
12491552
12492697
12493348
12505054
12507006
12510783
12516981
12521134
12522255
12523292
12524470
12524471
12525325
12527861
12610433
12614926
12616644
12625028
12632128
12638742
12647739
12682789
12726671
12731276
12736954
12745697
12752083
12837300
12850333
12864698
12865571
12866985
12871583
12872424
12879391
12880008
12898142
12898318
12898323
12898365
12898427
12898437
12898813
12898856
